

# Color--------------------------------------------------
colP <- c(
  "#3366cc", "#66ff66", "#003366", "#66ffcc", "#ffffcc", "#66ffff",
  "#ffcc00", "#66cc66", "#ffcc66", "#66cccc", "#ffcccc", "#66ccff",
  "#ff9900", "#669966", "#ff9966", "#6699cc", "#ff99cc", "#6699ff",
  "#ff6600", "#666666", "#ff6666", "#6666cc", "#ff66cc", "#6666ff",
  "#ff3300", "#663366", "#ff3366", "#6633cc", "#ff33cc", "#6633ff",
  "#ff0000", "#660066", "#ff0066", "#6600cc", "#ff00cc", "#6600ff",
  "#000099", "#33ff66", "#ccff66", "#66ff99", "#ccffcc", "#33ffff",
  "#ffccff", "#33cc66", "#cccc66", "#66cc99", "#cccccc", "#33ccff",
  "#ff99ff", "#339966", "#cc9966", "#669999", "#cc99cc", "#3399ff",
  "#ff66ff", "#336666", "#cc6666", "#666699", "#cc66cc", "#3366ff",
  "#ff33ff", "#333366", "#cc3366", "#663399", "#cc33cc", "#3333ff",
  "#ff00ff", "#330066", "#cc0066", "#660099", "#cc00cc", "#3300ff",
  "#99ff00", "#00ff66", "#99ff66", "#00ffcc", "#99ffcc", "#00ffff",
  "#99cc00", "#00cc66", "#99cc66", "#00cccc", "#99cccc", "#00ccff",
  "#999900", "#009966", "#999966", "#0099cc", "#9999cc", "#0099ff",
  "#996600", "#006666", "#996666", "#0066cc", "#9966cc", "#0066ff",
  "#993300", "#ffff00", "#993366", "#0033cc", "#9933cc", "#0033ff",
  "#990000", "#000066", "#990066", "#0000cc", "#9900cc", "#0000ff",
  "#66ff00", "#ffff99", "#33ffcc", "#ffff33", "#ccff00", "#66ff33",
  "#66cc00", "#ffcc99", "#33cccc", "#ffcc33", "#cccc00", "#66cc33",
  "#669900", "#ff9999", "#3399cc", "#ff9933", "#cc9900", "#669933",
  "#666600", "#ff6699", "#ffff66", "#ff6633", "#cc6600", "#666633",
  "#663300", "#ff3399", "#3333cc", "#ff3333", "#cc3300", "#663333",
  "#660000", "#ff0099", "#3300cc", "#ff0033", "#cc0000", "#660033",
  "#33ff00", "#ccff99", "#33ff99", "#ccff33", "#ccffff", "#33ff33",
  "#33cc00", "#cccc99", "#33cc99", "#cccc33", "#ccccff", "#33cc33",
  "#339900", "#cc9999", "#339999", "#cc9933", "#cc99ff", "#339933",
  "#336600", "#cc6699", "#336699", "#cc6633", "#cc66ff", "#336633",
  "#333300", "#cc3399", "#333399", "#cc3333", "#cc33ff", "#333333",
  "#330000", "#cc0099", "#330099", "#cc0033", "#cc00ff", "#330033",
  "#00ff00", "#99ff99", "#00ff99", "#99ff33", "#99ffff", "#00ff33",
  "#00cc00", "#99cc99", "#00cc99", "#99cc33", "#99ccff", "#00cc33",
  "#009900", "#999999", "#009999", "#999933", "#9999ff", "#009933",
  "#006600", "#996699", "#006699", "#996633", "#9966ff", "#006633",
  "#003300", "#993399", "#003399", "#993333", "#9933ff", "#003333",
  "#000000", "#990099", "#ffffff", "#990033", "#9900ff", "#000033"
)

# Packages check --------------------------------------------------
package.check <- function(package) {
  if (!requireNamespace(package, quietly = TRUE)) {
    library(dplyr)
    library(rvest)
    message("[", Sys.time(), "] -----: No package: ", package, " in R environment!")
    CRANpackages <- available.packages() %>%
      as.data.frame() %>%
      select(Package) %>%
      mutate(source = "CRAN")
    url <- "https://www.bioconductor.org/packages/release/bioc/"
    biocPackages <- url %>%
      read_html() %>%
      html_table() %>%
      .[[1]] %>%
      select(Package) %>%
      mutate(source = "BioConductor")
    if (package %in% CRANpackages$Package) {
      message("[", Sys.time(), "] -----: Now install package: ", package, " from CRAN!")
      install.packages(package)
      library(package, character.only = T)
    } else if (package %in% biocPackages$Package) {
      message("[", Sys.time(), "] -----: Now install package: ", package, " from BioConductor!")
      BiocManager::install(package)
      library(package, character.only = T)
    }
  } else {
    library(package, character.only = T)
  }
}

# Auto compute PC value --------------------------------------------------
pc_num <- function(sce) {
  # Judgment criteria:
  # 1. The cumulative contribution of principal components is greater than 90%
  # 2. The contribution of PC itself to the other party's difference is less than 5%
  # 3. The difference between two consecutive PCs is less than 0.1%
  message("[", Sys.time(), "]", " --- Now compute 'pc' number!")
  # Determine percent of variation associated with each PC
  pct <- sce[["pca"]]@stdev / sum(sce[["pca"]]@stdev) * 100
  # Calculate cumulative percents for each PC
  cumu <- cumsum(pct)
  # Determine which PC exhibits cumulative percent greater than 90% and variation associated with the PC as less than 5
  co1 <- which(cumu > 90 & pct < 5)[1]
  # Determine the difference between variation of PC and subsequent PC, last point where change of variation is more than 0.1%.
  co2 <- sort(which((pct[1:length(pct) - 1] - pct[2:length(pct)]) > 0.1), decreasing = T)[1] + 1
  # Minimum of the two calculation
  pcs <- min(co1, co2)
  message("[", Sys.time(), "]", " --- PC num should set as 1:", pcs)
  # Create a dataframe with values
  plot_df <- data.frame(pct = pct, cumu = cumu, rank = 1:length(pct))
  # Elbow plot to visualize
  p <- ggplot(plot_df, aes(cumu, pct, label = rank, color = rank > pcs)) +
    geom_text() +
    geom_vline(xintercept = cumu[pcs], color = "blue") + # 90
    geom_hline(yintercept = min(pct[pct > pct[pcs]]), color = "blue") + # pct > 5
    theme_bw()
  print(p)
  return(pcs)
}

# Normalization for sample --------------------------------------------------
normalize_data <- function(seu_obj) {
  if (seu_obj$platform[1] == "10X") {
    message("[", Sys.time(), "] -----: platform 10x Genomics")
    seu_obj <- NormalizeData(object = seu_obj, normalization.method = "LogNormalize", scale.factor = 1e4)
  } else if (seu_obj$platform[1] == "IndropSeq") {
    message("[", Sys.time(), "] -----: platform IndropSeq")
    seu_obj <- NormalizeData(object = seu_obj, normalization.method = "LogNormalize", scale.factor = 1e4)
  } else if (seu_obj$platform[1] == "SmartSeq2") {
    message("[", Sys.time(), "] -----: platform Smart-seq2")
    project.name <- seu_obj@project.name
    seu_obj <- as.SingleCellExperiment(seu_obj)
    # QC
    qcstats <- perCellQCMetrics(seu_obj)
    qcfilter <- quickPerCellQC(qcstats)
    summary(qcfilter$discard)
    seu_obj <- seu_obj[, !qcfilter$discard]
    clusters <- quickCluster(seu_obj)
    # Normalization
    seu_obj <- computeSumFactors(seu_obj, clusters = clusters)
    summary(sizeFactors(seu_obj))
    seu_obj <- logNormCounts(seu_obj)
    seu_obj <- CreateSeuratObject(
      counts = seu_obj@assays@data$logcounts,
      project = project.name,
      min.features = 200,
      min.cells = 3
    )
    seu_obj$platform <- "SmartSeq2"
  }
  return(seu_obj)
}

# seu_obj <- ScaleData(seu_obj)  #seu_obj@assays$RNA@data
# seu_obj <- SCTransform(seu_obj)
# # switch目前的assay
# DefaultAssay(object = seu_obj) <- "SCT"
# #Seurat对象输出10x数据
# #这里使用的seurat对象必须是由10X文件构建的，不能是counts文件，否则就会报错：path exist
# library(DropletUtils)
# write10xCounts(x = seu_obj@assays$RNA@counts, path = '10x', version="3")

# Annotation --------------------------------------------------
# annotation_celltypist <- function(seu_obj){
# https://github.com/Teichlab/celltypist
# celltypist$models$download_models(force_update = T) #First run needs to download the trained model data.
# source_python('celltypist_model_download.py')
# rownames(seu_obj@assays$RNA@counts)
annotation_celltype <- function(seu_obj, method = "celltypist") {
  if (method == "celltypist") {
    library(reticulate) # For Python packages
    package.check("reticulate")
    pandas <- import("pandas")
    numpy <- import("numpy")
    scanpy <- import("scanpy")
    celltypist <- import("celltypist")
    message("[", Sys.time(), "] -----: Run 'celltypist'!")
    if (length(colnames(seu_obj)) < 100000) {
      adata <- scanpy$AnnData(
        X = numpy$array(t(as.matrix(seu_obj[["RNA"]]@counts))),
        obs = pandas$DataFrame(seu_obj@meta.data),
        var = pandas$DataFrame(data.frame(
          gene = rownames(seu_obj[["RNA"]]@counts),